WILDLIFE OUTPUT:
0000000000000000000000000000000000000000000000000000000111100100001110111100000000000000000000000000
0000000000000000000000000000000000000000000000000000001111000000001100011100000000000000000000000000
0000000000000000000000000000000000000000000000000000001100000000001100011110000000000000000000000000
0000000000000000000000000000000000000000000000000000010100000000001100011111000000000000000000000000
0000000000000000000000000000000000000000000000000000000000000000001100001100000000000000000000000000
0000000000000000000000000000000000000000000000000000000000000000001100001110000000000000000000000001
0000000000000000000000000000000000000000000000000000000000000000001100001110000000001000000000000001
0000000000000000000000000000000000000000000000000000000000000000011100001110000001001100000000000001
0000000000000000000000000000000000000000000000000000000000000000011000000110000111111100000000000011
0000000000000000000000000000000000000000000000000000000000000000011000000111000111111101000000000011
0000000000000000000000000000000000000000000000000000000000000000011000000111000111111110000000000011
0000000000000000000000000000000000000000000000000000000000000000010000000111000111111110000000000001
0000000000000000000000000000000000000000000000000000000000000000000000000011100111111110000000000011
0000000000000000000000000000000000000000000000000000000000000000000000000011100111111100000000001011
0000000000000000000000000000000000000000000000000000000000000000000000000011100111111100000000111011
0000000000000000000000000000000000000000000000000000000000000000000000000011111111111100000011111111
0000000000000000000000000000000000000000000000000000000000000000000000000011111111111100000011111111
0000000000000000000000000000000000000000000000000000000000000000000000000011111111101100100111111111
0000000000000000000000000000000000000000000000000000000000000000000000000011111111101100001101111111
0000000000000000000000000000000000000000000000000000000000000000000000000011111111101111011111101111
0000000000000000000000000000000000000000000000000000000000000000000000000001111111111111111111101111
0000000000000000000000000000000000000000000000000000000000000000000000000001111111111111100111100011
0000000000000000000000000000000000000000000000000000000000000000000000000001111111111111000111010001
0000000000000000000000000000000000000000000000000000000000000000000000011110111111111111001111110000
0000000000000000000000000000000000000000000000000000000000000000001111011110111111111111101111100111
0000000000000000000000000000000000000000000000000000000000000000000111111111111111111111011111111111
0000000000000000000000000000000000000000000000000000000000000000000001111111111111111110111111111111
0000000000000000000000000000000000000000000000000000000000000000000000111111111111111110111111111111
0000000000000000000000000000000000000000000000000000000000000000000001111111111011111111111111111111
0000000000000000000000000000000000000000000000000000000000000000000011111111111011111111111111111111
0000000000000000000000000000000000000000000000000000000000000000000001111111111011111111111111111111
0000000000000000000000000000010001000000000000000000000000000000000001111111111101111111111111111111
0000000000000000000000000000011011110000000000000000000000000000000000001111111101111111111111111111
0000000000000000000000000000011111110110000111100000000000000000000000001111111100111111111111111111
0000000000000000000000000000000111111110111111110000000000000000000001111111111100111111111111111111
0000000000000000000000000000001111111111111111110000000000000000000111111111111110111111111111111111
0000000000000000000000000000001111111111111111010000000000000000000111111111111110111111111101111111
0000000000000000000001111110000111111011111111000000000000000000001111111111111111011111111111111111
0000000000000000000000111110001111111111111111000000000000000000011000000011111111011111111111111111
0000000000000000000000111111101111111111100001100000000000000000010000000111111111011111111111111111
0000000000000000000000011111001111111111001111100000000000000000000000000111111111101111111111111111
0000000000000000000100111111100111111111011110000000000000000000000000001111111111101111111111111111
0000000000000000001110011111101111111110111111110000000000000000000000001111111111101111111111111111
0000000000000000001111111111111111111100111111111000000000000000000000001111111111101111111111111111
0000000000000000000001111111111111111101111111111110000000000000000000011111111111100111111111111111
0000000000000000000000111111111111111111111111110000000000000000000000011111110111110111111111111111
0000000000000000000000111111111111111011111111100000000000000000000000011111110011110111111111111111
0000000000000000000000000111111111111011111111100000000000000000000000011111000111110011111111111111
0000000000000000000000001111111111110011111111000000000000000000000000011111011111110011111111111111
0000000000000000000000001111111111100111111111000000000000000000000000001110011111110011111111111111
0000000000000000000000000111111111001111111111000000000000000000000000011110011111111011111111111111
0000000000000000000000000011111110001111111110000000000000000000000000011100011111111001111111111111
0000000000000000000000000011111110001111111111100000000000000000000000001000011111111010111111111111
0000000000000000000000000111111111111111111111100011100000000000000000000000011111111110111111111111
0000000000000000000000100111111101111111111100001111100000000000000000000000011111111110111111111111
0000000000000000000001000110111101111111111110001111110000000000000000000000011111111110111111111111
0000000000000000000011100111111011111101111111000111111000000000000000000000011111111110011111111111
0000000000000000000011000111111111111101111111100100000000000000000000000000000111111110011111111111
0000000000000000000000000111011111111111111111111000000000000000000000000000000111111110011111111111
0000000000000000000000000000001111111111111111111100000000000000000000000000000011111110001111111111
0000000000000000000000000000001111111111111111111110000000000000000000000000000011111111001111111111
0000000000000000000000000000001011111011111111111111000000000000000000000000000011111111001111111111
0000000000000000000000000000001000111001111111111110000000000000000000000000000011111111001111111111
0000000000000000000000000000010001011100111111111111100000000000000000000000001110111111001111001111
0000000000000000000000000000110111111100011111111111100000000000000000000001111111011111100111001111
0000000000000000000000000000101111111110011111111111100000000000000000000001111111101111100111100111
0000000000000000000000000001100111111110011111111110000000000000000000000001111111101111100011100111
0000000000000000000000000001100111111111000011111110100000000000000000100111111111111111100011101111
0000000000000000000000000011001111111111000011111111110000000000000001110011111111111111110011101111
0000000000000000000000000011011111111111000001111111100000000000000000011111111111111111110011101111
0000000000000000000000000111011111111111100000111111100000000000000000001111111111111111110111111111
0000000000000000000000000011111111111111100000011111110000000000000000000111101111111111111111111111
0000000000000000000000001111111001111111110000000111100000000000000000001111111111111111111111111111
0000000000000000000000001111111001111110110000000000000000000000000000111111111111111111111111111111
0000000000000000000000001111110001111110111000000000100000000000000000111111111111111111111111111111
0000000000000000000000011110000011111110011000000000000000000000000001111111111111111111111111111111
0000000000000000000000001110000001111100011100000000000000000000000011111111111111111111111111111111
0000000000000000000000001110000011111110001100000000000000000000000111111111111111111111011100111111
0000000000000000000000000000000011111100001110000000000000000000000011111111111111111111010000111111
0000000000000000000000001000000001111100000110000000000000000000000111111111111111111111111000011111
0000000000000000000000000000000001111100000111000000000000000000000111111111111111111111110010011111
0000000000000000000000000000000001111100000011000000000000000000000011111111111111111111111000011111
0000000000000000000000000000000001111100000011100000000000000000000011111111111111111111111010011111
0000000000000000000000000000000001111100000001100000000000000000000011111111111111111111111010011111
0000000000000000000000000000000001111000000001110000000000000000000011111111111111111111111011011111
0000000000000000000000000000000000111000000000110000000000000000000011111111111111111111111111001111
0000000000000000000000000000000000110000000000011000000000000000000011111111111011111111111111000111
0000000000000000000000000000000000110000000000011000000000000000000111111111111111111111111111100111
0000000000000000000000000000000000110000000000011100000000000000000011111111111111111111111111100011
0000000000000000000000000000000000000000000000001100000000000000000111111111111111101111111111100001
0000000000000000000000000000000000000000000000000100000000000000000111111111111111101111111111110001
0000000000000000000000000000000000000000000000000110000000000000000111111111111111101111111111110000
0000000000000000000000000000000000000000000000000010000000000000000111111101111111111111110111110000
0000000000000000000000000000000000000000000000000011000000000000000011111111111111111111110011111000
0000000000000000000000000000000000000000000000000001000000000000000111111111111111111111111011111000
0000000000000000000000000000000000000000000000000001000000000000111111111111110111111111111011111000
0000000000000000000000000000000000000000000000000000100000000000111001111111111111111111111011111100
0000000000000000000000000000000000000000000000000000000000000000100001111111111111111111111011111100
0000000000000000000000000000000000000000000000000000000000000000000001111111111111111111111001111100
0000000000000000000000000000000000000000000000000000000000000000000011111111111111111111111001111110
0000000000000000000000000000000000000000000000000000001000000000000011111011111111111111111101111110
0000000000000000000000000000000000000000000000000000000000000000000001110011101111111111111101111110
0000000000000000000000000000000000000000000000000000000100000000000001100010000011111111111101111111
0000000000000000000000000000000000000000000000000000000010000000000001100010000000011111111001111111
0000000000000000000000000000000000000000000000000000000000000000000001100000000100111111111100111111
0000000000000000000000000000000000000000000000000000000000000000000001100000000011111111111110111111
0000000000000000000000000000000000000000000000000000000000000000000000100000000001111111111001101111
0000000000000000000000000000000000000000000000000000000000000000000000000000000000111111111110001111
0000000000000000000000000000000000000000000000000000000000000000000000000000000000111111111111011111
0000000000000000000000000000000000000000000000000000000000000000000000000000000000111111111111011111
0000000000000000000000000000000000000000000000000000000000000000000000011010000000111111111111011111
0000000000000000000000000000000000000000000000000000000000000000000000011010001001111111111111011101
0000000000000000000000000000000000000000000000000000000000000000000000011000110000011111111111011111
0000000000000000000000000000000000000000000000000000000000000000000000001100110000001111111111111111
0000000000000000000000000000000000000000000000000000000000000000000000111111111100001111111111101111
0000000000000000000000000000000000000000000000000000000000000000000000111111110100011111111111111111
0000000000000000000000000000000000000000000000000000000000000000000000111111111111111111111111111111
0000000000000000000000000000000000000000000000000000000000000000000000111111111101111101110111101111
0000000000000000000000000000000000000000000000000000000000000000000111111111111111111101110111101111
0000000000000000000000000000000000000000000000000000000000000000000111111111111110111100110111110111
0000000000000000000000000000000000000000000000000000000000000000000001111111111110011110110111110111
0000000000000000000000000000000000000000000000000000000000000000000011111111111111111110111111111111
0000000000000000000000000000000000000000000000000000000000000000000000111111111111111111111111111111
0000000000000000000000000000000000000000000000000000000000000000010000111111111111011111111111110111
0000000000000000000000000000000000000000000000000000000000000000110000111111111111111111111111111111
0000000000000000000000000000000000000000000000000000000000000111111000111111111111111111111111111111
0000000000000000000000000000000000000000000000000000000000001111111000011111111111111111011111111111
0000000000000000000000000000000000000000000000000000000000001111111100001111111111111110101111111111
0000000000000000000000000000000000000000000000000001110011111111111100001111111111111111111111111111
0000000000000000000000000000000000000000000000000011111111111111011100000111111111111111011111111111
0000000000000000000000000000000000000000000000011011111110111111110111000111111111110111111011111111
0000000000000000000000000000000000000000001111111011111110111111110111000011111111111111111011111101
0000000000000000000000000000000001110011111111111111111100111111111111110001111111110111111101111101
0000000000000000000000000000010010111111111111111111111111111111111111111001111111111111111111111111
1111111111111000000000000000000000000000000000000110111111111111111111110000111111111011111101111110
1111111111111111100000000000000000000000000000000000000000000000000100000000111100000001011111111110
0000000000000000000000000000000000000000000000000000000000000000000000000000000000000001111111111111
0000000000000000000000000000000000000000000000000000000000000000000000000110100000000001111111111101
0000000000000000000000000000000000000000000000000000000000000000000000000001100000000001111111111111
0000000000000000000000000000000000000000000000000000000000000000000000000001100000000000011011111011
0000000000000000000000000000000000110000000000000000000000000000000000000000011010001000011111111111
0000000000000000000000000000011100000000000000000000000000000000000000000000001110011001111001111111
0000000000000000000000011100000000000000000000000000000000000000000000000001001110000000111111111111
0000000000000000110110000000000000000000000000000000000000000000000000000000001111110000011111111111
0000000000101111000000000000000000000000000000000000000000000000000000000000001111111100011101111111
0000000011110000000000000000000000000000000000000000000000000000000000000000011111110111111101111111
1111100000000000000000000000000000000000000000000000000000000000000000000000001111101111111111111111
1000000000000000000000000000000000000000000000000000000000000000000000000000001111111111111111111111
0000000000000000000000000000000000000000000000000000000000000000000000000000001111110111111111111111
0000000000000000000000000000000000000000000000000000000000000000000000000000000111100111111011111111
